0.001423
0.001499
0.001500
0.001501
0.001535
0.001538
0.001551
0.001556
0.001602
0.001696
0.001701
0.001707
0.001808
0.001819
0.001879
0.002065
0.002067
0.002123
0.002194
0.002227
0.002335
0.002447
0.002495
0.002618
0.002731
0.002869
0.003030
0.003122
0.003287
0.003289
0.003318
0.003438
0.003438
0.003533
0.003566
0.003635
0.003744
0.004168
0.004230
0.004352
0.004400
0.004574
0.004610
0.004626
0.004786
0.004830
0.004910
0.004955
0.005209
0.005211
0.005211
0.005213
0.005375
0.005572
0.005642
0.005651
0.005717
0.005814
0.005890
0.005895
0.005908
0.006004
0.006114
0.006185
0.006310
0.006379
0.006481
0.006535
0.006536
0.006843
0.006975
0.007228
0.007328
0.007343
0.007391
0.007473
0.007578
0.007614
0.007616
0.007724
0.007796
0.007844
0.007852
0.007950
0.008142
0.008474
0.008612
0.008646
0.008760
0.009083
0.009266
0.009332
0.009704
0.009821
0.009842
0.009844
0.009906
0.009928
0.009978
0.010208
0.010249
0.010434
0.010450
0.010562
0.010562
0.010563
0.010798
0.010860
0.010876
0.011067
0.011079
0.011383
0.011789
0.011822
0.011879
0.011905
0.012128
0.012485
0.012905
0.013023
0.013248
0.013770
0.014009
0.014483
0.014635
0.014747
0.015163
0.015222
0.015230
0.015529
0.015780
0.015788
0.016133
0.016196
0.016261
0.017244
0.017257
0.018070
0.018451
0.018778
0.018826
0.019869
0.020845
0.022065
0.022991
0.023768
0.023827
0.025028
0.025806
0.025836
0.025936
0.026261
0.026305
0.026513
0.026820
0.026865
0.026988
0.027187
0.027373
0.027440
0.027492
0.027620
0.027894
0.027907
0.028032
0.028192
0.028527
0.029361
0.029523
0.029671
0.029918
0.029938
0.030186
0.030218
0.030429
0.030747
0.030776
0.030933
0.031496
0.031655
0.031913
0.032041
0.032062
0.032248
0.032353
0.032465
0.032785
0.033237
0.033264
0.034405
0.034582
0.034653
0.035240
0.035337
0.036285
0.036499
0.036775
0.037794
0.037848
0.037992
0.038004
0.038325
0.038409
0.038704
0.038705
0.038744
0.038974
0.039010
0.039154
0.039645
0.040566
0.041074
0.041608
0.043731
0.043759
0.043950
0.043984
0.044215
0.046232
0.046320
0.046699
0.046843
0.047011
0.047511
0.047523
0.047715
0.048101
0.048843
0.049081
0.049314
0.050006
0.050307
0.050341
0.050940
0.050965
0.051121
0.051929
0.051943
0.053263
0.053324
0.055170
0.055259
0.055565
0.055670
0.057082
0.057150
0.057873
0.058018
0.058148
0.058486
0.058980
0.059658
0.059670
0.059919
0.060192
0.060551
0.062422
0.063294
0.063346
0.063425
0.065759
0.066002
0.066095
0.066212
0.066716
0.066983
0.067463
0.067632
0.067985
0.067987
0.068940
0.069141
0.069467
0.069953
0.070386
0.070483
0.070507
0.070921
0.070961
0.071804
0.073695
0.073979
0.074271
0.074302
0.074417
0.075179
0.076298
0.076632
0.076868
0.076905
0.076909
0.077461
0.077729
0.077895
0.078381
0.078513
0.079193
0.079735
0.080581
0.080634
0.080947
0.081586
0.082090
0.082124
0.082481
0.082517
0.082827
0.083049
0.083156
0.083160
0.083181
0.083194
0.083986
0.084396
0.086011
0.086791
0.086921
0.087023
0.087039
0.087157
0.087279
0.087808
0.088015
0.088735
0.088919
0.089135
0.089798
0.089798
0.090078
0.090164
0.090875
0.091086
0.091295
0.091654
0.091910
0.092237
0.092671
0.092923
0.093164
0.093432
0.093545
0.093721
0.093766
0.093846
0.094273
0.094456
0.094647
0.094768
0.094856
0.094869
0.095439
0.095678
0.095770
0.096924
0.098252
0.099925
0.099937
0.101174
0.101185
0.102119
0.102609
0.102789
0.103094
0.103173
0.103500
0.103619
0.104205
0.104357
0.104359
0.104474
0.104897
0.106159
0.106268
0.106880
0.107895
0.107944
0.108655
0.110003
0.110048
0.111610
0.111895
0.112195
0.112248
0.112586
0.112869
0.113039
0.113418
0.113612
0.114838
0.115126
0.115232
0.115922
0.115929
0.116140
0.116194
0.116535
0.116832
0.117058
0.117154
0.117319
0.118693
0.118702
0.118805
0.119328
0.119407
0.119496
0.119909
0.121165
0.121480
0.122471
0.122660
0.123199
0.123873
0.124024
0.124198
0.124746
0.125589
0.125840
0.126525
0.127499
0.127526
0.127654
0.127959
0.128001
0.128788
0.129155
0.129315
0.129708
0.130125
0.130377
0.130847
0.131357
0.131913
0.132208
0.133358
0.133478
0.133689
0.134066
0.134460
0.134715
0.135264
0.135507
0.135524
0.135849
0.136949
0.138551
0.140134
0.140184
0.140793
0.141500
0.141573
0.141646
0.141704
0.141976
0.142717
0.143967
0.144694
0.145181
0.145346
0.147750
0.148048
0.148610
0.148732
0.149816
0.149990
0.150970
0.151741
0.152503
0.154487
0.157131
0.157588
0.158354
0.158458
0.159806
0.159909
0.160291
0.160471
0.160899
0.161019
0.161648
0.161861
0.161895
0.161982
0.162444
0.164007
0.164017
0.164360
0.164404
0.164722
0.164920
0.164943
0.165219
0.167041
0.169308
0.169902
0.170300
0.170415
0.170509
0.171370
0.171533
0.173169
0.173349
0.173540
0.173873
0.174168
0.174659
0.175663
0.176583
0.177250
0.177347
0.177637
0.178028
0.178134
0.179361
0.179911
0.180135
0.182578
0.182583
0.183005
0.183432
0.183461
0.184502
0.184536
0.185048
0.185062
0.185085
0.185501
0.185787
0.186308
0.186980
0.187722
0.187830
0.189113
0.190384
0.190524
0.191214
0.191314
0.191336
0.191390
0.191584
0.192954
0.193030
0.193148
0.193249
0.194293
0.194460
0.196095
0.197931
0.198508
0.199387
0.199642
0.199647
0.200416
0.200499
0.201721
0.203294
0.203791
0.203939
0.204488
0.204614
0.204631
0.205317
0.205972
0.206292
0.206592
0.207953
0.208323
0.208416
0.209225
0.209886
0.210328
0.211670
0.211800
0.212011
0.213107
0.213302
0.213473
0.213558
0.214047
0.215004
0.215430
0.215742
0.216041
0.216214
0.216974
0.217180
0.218135
0.218153
0.218580
0.218779
0.220044
0.221735
0.222156
0.223284
0.223475
0.224545
0.224558
0.226948
0.228404
0.228404
0.228430
0.229205
0.229490
0.229504
0.230534
0.232048
0.232152
0.232696
0.233801
0.234499
0.234520
0.235640
0.235818
0.237024
0.237257
0.237564
0.240715
0.243200
0.243917
0.244474
0.244669
0.244866
0.245221
0.245271
0.245817
0.245877
0.246090
0.247433
0.251532
0.251895
0.251913
0.252897
0.253085
0.253716
0.254728
0.255390
0.256128
0.256338
0.256549
0.262530
0.263466
0.265586
0.266202
0.266695
0.267464
0.268570
0.272899
0.274287
0.278196
0.278797
0.280361
0.281579
0.283779
0.284203
0.284664
0.285056
0.285266
0.285643
0.285808
0.286821
0.288185
0.288656
0.288773
0.289215
0.289965
0.291759
0.292404
0.293522
0.294566
0.295780
0.295795
0.295984
0.296426
0.296935
0.297053
0.298375
0.300377
0.302070
0.303020
0.303110
0.303722
0.304973
0.306182
0.308120
0.309257
0.310236
0.310393
0.311515
0.311550
0.313574
0.314783
0.315347
0.316185
0.318133
0.319512
0.320210
0.320573
0.320788
0.322284
0.322556
0.322583
0.323468
0.323554
0.325341
0.326517
0.326716
0.328114
0.329167
0.329814
0.334927
0.336222
0.336753
0.337383
0.338366
0.339204
0.340114
0.340644
0.341028
0.344193
0.344309
0.345733
0.347067
0.348405
0.348643
0.348719
0.349657
0.351177
0.353066
0.354581
0.356001
0.356339
0.356540
0.362694
0.364615
0.368379
0.370313
0.370846
0.371851
0.375135
0.375197
0.376814
0.379391
0.379498
0.380699
0.382127
0.382399
0.382913
0.383633
0.384286
0.384490
0.385390
0.386853
0.387089
0.389241
0.389759
0.390477
0.391576
0.392573
0.392874
0.393168
0.396817
0.397761
0.398957
0.400180
0.401179
0.403105
0.404167
0.406185
0.407240
0.408470
0.417728
0.419089
0.419168
0.419363
0.420249
0.426741
0.428536
0.430549
0.431958
0.434525
0.434765
0.435319
0.436095
0.438040
0.439236
0.439264
0.440500
0.445166
0.446085
0.448674
0.449767
0.450351
0.451046
0.451527
0.455599
0.456677
0.456911
0.457307
0.461774
0.465251
0.468920
0.470910
0.473131
0.476551
0.487918
0.490043
0.491116
0.493438
0.496280
0.497338
0.498709
0.504267
0.508068
0.508541
0.509986
0.513111
0.516782
0.517639
0.518325
0.519204
0.520076
0.520614
0.521654
0.523087
0.523450
0.535342
0.540692
0.545166
0.550979
0.552563
0.554937
0.557860
0.558069
0.561300
0.563409
0.564413
0.564696
0.569239
0.574201
0.574541
0.574646
0.585367
0.587834
0.591560
0.593377
0.594231
0.597831
0.599639
0.605095
0.609261
0.613863
0.618621
0.619670
0.622794
0.626583
0.627192
0.629339
0.634476
0.644943
0.656368
0.657023
0.659682
0.660210
0.665087
0.666364
0.668939
0.674787
0.679770
0.681200
0.681714
0.682606
0.682759
0.684940
0.686419
0.688820
0.696007
0.698276
0.708651
0.718724
0.719242
0.721615
0.726733
0.727190
0.728665
0.732304
0.733250
0.733469
0.733659
0.733671
0.738115
0.746071
0.748019
0.752805
0.753728
0.758280
0.763635
0.763747
0.776326
0.781224
0.792420
0.804694
0.805726
0.807087
0.814908
0.817973
0.824662
0.826519
0.831854
0.836028
0.841315
0.844103
0.860636
0.877283
0.879465
0.881810
0.891663
0.897508
0.899519
0.904094
0.905314
0.908961
0.909823
0.923559
0.924895
0.929104
0.934272
0.935842
0.938375
0.958936
0.966223
0.977656
0.979559
0.979957
0.984287
0.990469
0.997051
0.997135
0.998278
0.998796
1.004785
1.023275
1.042823
1.045567
1.048008
1.049588
1.049915
1.057962
1.064012
1.064051
1.065800
1.066237
1.068781
1.070112
1.070601
1.076501
1.093630
1.107088
1.110480
1.145683
1.145692
1.146407
1.152248
1.164395
1.170155
1.171549
1.182634
1.198207
1.218588
1.225180
1.229071
1.229646
1.245693
1.261765
1.265853
1.274974
1.282998
1.287832
1.299667
1.304483
1.305513
1.307834
1.312324
1.324385
1.337619
1.339569
1.342077
1.348372
1.351960
1.356887
1.359458
1.377873
1.378030
1.379071
1.382355
1.391421
1.399242
1.418000
1.442826
1.475427
1.487323
1.502867
1.520173
1.601895
1.601940
1.609280
1.623033
1.659100
1.686633
1.689716
1.710677
1.752773
1.757627
1.777785
1.788768
1.797724
1.802049
1.836865
1.847913
1.851542
1.895184
1.911453
1.919719
1.950181
1.956938
1.959530
1.981622
1.989594
