0.000156
0.000195
0.000197
0.000201
0.000203
0.000208
0.000215
0.000225
0.000238
0.000372
0.000663
0.000726
0.000767
0.000820
0.000874
0.000977
0.001026
0.001052
0.001168
0.001271
0.001330
0.001515
0.001553
0.001666
0.001706
0.001737
0.001771
0.002321
0.002420
0.002521
0.002566
0.002590
0.002715
0.002716
0.002752
0.002869
0.003035
0.003058
0.003397
0.003516
0.003533
0.003969
0.004055
0.004127
0.004467
0.004570
0.004663
0.004698
0.004699
0.004727
0.004806
0.004850
0.004852
0.005035
0.005056
0.005226
0.005229
0.005275
0.005388
0.005397
0.005646
0.005743
0.005772
0.005850
0.005881
0.006050
0.006199
0.006281
0.006370
0.006409
0.006594
0.006638
0.006937
0.007039
0.007040
0.007192
0.007590
0.007743
0.007845
0.008063
0.008164
0.008227
0.008319
0.008807
0.008965
0.009037
0.009138
0.009281
0.009292
0.009402
0.009655
0.010009
0.010157
0.010227
0.010336
0.010337
0.010511
0.010636
0.010682
0.010928
0.011073
0.011094
0.011158
0.011310
0.011518
0.011594
0.011605
0.011617
0.011673
0.011739
0.011822
0.011830
0.011861
0.011936
0.012051
0.012718
0.012940
0.012977
0.013083
0.013322
0.013364
0.013483
0.013521
0.013668
0.013782
0.013784
0.013817
0.013851
0.014145
0.014153
0.014203
0.014206
0.014541
0.014685
0.014699
0.014754
0.015149
0.015208
0.015252
0.015356
0.015486
0.015729
0.015743
0.016114
0.016183
0.016417
0.016847
0.016930
0.017140
0.017149
0.017152
0.017263
0.017473
0.017695
0.017728
0.017842
0.018078
0.018150
0.018164
0.018283
0.018341
0.018363
0.018363
0.018374
0.018699
0.018896
0.019210
0.019295
0.019341
0.019929
0.020317
0.020554
0.020605
0.021011
0.021170
0.021293
0.021309
0.021473
0.021945
0.021985
0.022031
0.022059
0.022245
0.022269
0.022320
0.022355
0.022422
0.022452
0.022527
0.022642
0.023060
0.023141
0.023317
0.023388
0.023420
0.023470
0.023721
0.023902
0.023904
0.024041
0.024183
0.024474
0.024500
0.024538
0.024693
0.024699
0.025032
0.025449
0.025816
0.025901
0.026040
0.026052
0.026108
0.026437
0.026551
0.026613
0.027050
0.027340
0.027689
0.027988
0.028154
0.028268
0.028431
0.028814
0.029019
0.029031
0.029130
0.029728
0.029885
0.030082
0.030173
0.030506
0.030523
0.030569
0.030692
0.030787
0.030867
0.030937
0.030987
0.031034
0.031049
0.031146
0.031338
0.031585
0.031658
0.031932
0.031952
0.032138
0.032209
0.032233
0.032487
0.032905
0.033504
0.033524
0.034015
0.034172
0.034287
0.034455
0.034820
0.035033
0.035037
0.035090
0.035092
0.035304
0.035708
0.035838
0.036518
0.036558
0.036707
0.036783
0.037102
0.037264
0.037279
0.037380
0.037502
0.037547
0.037579
0.037953
0.038070
0.038297
0.038564
0.038744
0.038834
0.038846
0.038936
0.039106
0.039121
0.039310
0.039499
0.039526
0.040083
0.040181
0.040419
0.040495
0.040596
0.040758
0.040763
0.040868
0.040911
0.040926
0.040964
0.041011
0.041050
0.041163
0.041184
0.041224
0.041327
0.041344
0.041574
0.041768
0.042005
0.042162
0.042246
0.042854
0.042875
0.043058
0.043193
0.043234
0.043304
0.043456
0.043582
0.043780
0.044112
0.044151
0.044236
0.044424
0.044502
0.044851
0.044908
0.045013
0.045073
0.045506
0.045568
0.045714
0.045869
0.045934
0.046051
0.046166
0.046291
0.046859
0.047130
0.047165
0.047277
0.047478
0.047482
0.047537
0.047560
0.047629
0.047679
0.047889
0.047944
0.047986
0.048418
0.048629
0.048805
0.048985
0.049340
0.049363
0.049389
0.049452
0.049529
0.049675
0.049969
0.050397
0.050599
0.050783
0.051247
0.051684
0.051726
0.051898
0.052037
0.052320
0.052411
0.052611
0.052661
0.052843
0.052940
0.052942
0.052971
0.053252
0.053252
0.053560
0.053993
0.054142
0.054158
0.054169
0.054763
0.054773
0.054813
0.054984
0.055250
0.055377
0.055513
0.055569
0.055604
0.055611
0.055726
0.056009
0.056072
0.056377
0.056453
0.056659
0.057016
0.057028
0.057032
0.057189
0.057222
0.057459
0.057617
0.057643
0.057865
0.057965
0.058031
0.058173
0.058376
0.058642
0.058727
0.058742
0.059175
0.059237
0.059316
0.059340
0.059719
0.059768
0.059893
0.059931
0.060290
0.060523
0.060919
0.061235
0.061326
0.061369
0.061669
0.061789
0.062532
0.062571
0.062589
0.062663
0.062849
0.062859
0.063212
0.063516
0.064064
0.064098
0.064158
0.064348
0.064458
0.064704
0.064846
0.064874
0.065271
0.065608
0.065623
0.065842
0.066034
0.066156
0.066226
0.066255
0.066371
0.066533
0.066586
0.066632
0.067252
0.067278
0.067306
0.067430
0.067479
0.068091
0.068116
0.068622
0.068944
0.069031
0.069479
0.069487
0.069509
0.070019
0.070236
0.070403
0.070876
0.070952
0.071076
0.071484
0.071550
0.071593
0.071867
0.071870
0.071887
0.072133
0.072138
0.072161
0.072219
0.072357
0.072563
0.072601
0.072720
0.073433
0.073465
0.073571
0.073711
0.073875
0.074105
0.074301
0.075004
0.075295
0.075379
0.075452
0.075800
0.075959
0.076142
0.076278
0.076511
0.076516
0.076895
0.077034
0.077376
0.077402
0.077470
0.077744
0.078111
0.078173
0.078294
0.078878
0.079249
0.079376
0.079440
0.079998
0.080163
0.080419
0.080651
0.080953
0.081193
0.081307
0.081313
0.081953
0.081966
0.082090
0.082238
0.082322
0.082407
0.082502
0.082535
0.082538
0.082761
0.082859
0.083031
0.083416
0.083446
0.083516
0.084088
0.084140
0.084156
0.084399
0.084636
0.084841
0.084954
0.085277
0.085310
0.085564
0.085715
0.085746
0.085816
0.086295
0.086391
0.086827
0.087398
0.087632
0.087707
0.087874
0.087883
0.088235
0.088279
0.088321
0.088367
0.088582
0.088589
0.088681
0.088733
0.088894
0.089154
0.089205
0.089240
0.089555
0.089808
0.090109
0.090423
0.091147
0.091162
0.091295
0.091373
0.091615
0.091874
0.092207
0.092226
0.092362
0.092385
0.092678
0.092687
0.092965
0.093018
0.093167
0.093195
0.093642
0.093853
0.094202
0.094301
0.094366
0.094400
0.094572
0.094814
0.094893
0.094960
0.095025
0.095376
0.095444
0.095648
0.095721
0.096074
0.096951
0.096962
0.097106
0.097231
0.097434
0.097497
0.097662
0.097806
0.097965
0.098146
0.098339
0.098375
0.098487
0.099198
0.100123
0.100128
0.100408
0.100460
0.100824
0.100969
0.101008
0.101081
0.101165
0.101185
0.101188
0.101349
0.101522
0.101598
0.101677
0.101770
0.101879
0.102096
0.102187
0.102578
0.102677
0.102696
0.102703
0.102728
0.102837
0.102996
0.103014
0.103030
0.103102
0.103293
0.103464
0.104058
0.104077
0.104389
0.104618
0.104867
0.105250
0.105310
0.105736
0.105918
0.106076
0.106231
0.106478
0.106484
0.106866
0.107181
0.107440
0.107451
0.108046
0.108481
0.108489
0.108523
0.108560
0.108863
0.108872
0.109061
0.109517
0.109555
0.109658
0.109793
0.110061
0.110307
0.110840
0.110867
0.111088
0.111317
0.111352
0.111475
0.111790
0.111951
0.111953
0.112046
0.112355
0.112671
0.112906
0.113481
0.114000
0.114742
0.114816
0.115091
0.115255
0.115456
0.115697
0.115768
0.116090
0.116403
0.116781
0.116986
0.117078
0.117840
0.118065
0.118431
0.119022
0.119147
0.119182
0.119343
0.119819
0.120111
0.120114
0.120444
0.120580
0.120628
0.120815
0.120964
0.121248
0.121310
0.121368
0.121679
0.121701
0.121940
0.122146
0.122250
0.122276
0.123329
0.123387
0.123638
0.123877
0.124297
0.124581
0.124893
0.124952
0.125406
0.126002
0.126078
0.126290
0.126615
0.126975
0.127132
0.127166
0.127332
0.127870
0.128248
0.128456
0.128635
0.128750
0.129178
0.129306
0.129547
0.130045
0.130254
0.130551
0.130854
0.130969
0.131138
0.131150
0.131652
0.131986
0.132330
0.132440
0.132964
0.133003
0.133022
0.133286
0.133303
0.133870
0.134165
0.134311
0.134557
0.134715
0.134926
0.134956
0.135000
0.135085
0.135438
0.135442
0.135456
0.135478
0.136011
0.136357
0.137091
0.137319
0.137475
0.138167
0.138340
0.138416
0.138537
0.138636
0.138889
0.139086
0.139710
0.140107
0.140158
0.140276
0.140998
0.141706
0.141742
0.142141
0.142247
0.142726
0.143261
0.143703
0.144008
0.144053
0.144318
0.144506
0.144506
0.144603
0.145471
0.145626
0.145886
0.146092
0.146103
0.146730
0.146745
0.147088
0.147521
0.147601
0.147745
0.148074
0.148241
0.148285
0.148455
0.148714
0.149152
0.149263
0.149508
0.149703
0.149715
0.149754
0.149897
0.150269
0.150916
0.151494
0.151623
0.151623
0.151879
0.151954
0.152315
0.152343
0.152752
0.152783
0.152918
0.152992
0.153063
0.153187
0.153269
0.153286
0.153419
0.154137
0.154313
0.154314
0.154328
0.154814
0.155329
0.155674
0.155797
0.155916
0.156421
0.156509
0.156713
0.156930
0.157223
0.157277
0.157314
0.157372
0.157390
0.157457
0.157587
0.157976
0.158300
0.158366
0.158491
0.158637
0.158655
0.158764
0.159593
0.159843
0.160040
0.160985
0.161446
0.161501
0.161637
0.161754
0.162577
0.162664
0.163268
0.163448
0.163485
0.163992
0.164263
0.164267
0.164739
0.164964
0.165440
0.165771
0.165877
0.166048
0.166233
0.166340
0.166599
0.166729
0.166807
0.166922
0.167050
0.167253
0.167274
0.167644
0.167984
0.168284
0.168289
0.168447
0.168917
0.168948
0.169590
0.169649
0.170256
0.170384
0.170438
0.170622
0.170677
0.170747
0.170789
0.171157
0.171402
0.172172
0.172531
0.173121
0.173950
0.174167
0.174243
0.174475
0.174648
0.174992
0.175015
0.175490
0.175548
0.175623
0.175743
0.175763
0.175979
0.176833
0.176921
0.177620
0.177811
0.178040
0.178301
0.178546
0.178558
0.178866
0.179139
0.179463
0.179623
0.180200
0.180302
0.180340
0.180356
0.180696
0.180981
0.181324
0.181525
0.181571
0.181604
0.182157
0.182558
0.183121
0.183292
0.183386
0.183415
0.183568
0.183796
0.183823
0.184085
0.184272
0.184557
0.184676
0.184728
0.184785
0.184901
0.185389
0.185831
0.185847
0.185890
0.186097
0.186550
0.187203
0.187212
0.187264
0.188300
0.188622
0.188732
0.189231
0.190542
0.191289
0.192096
0.192100
0.192250
0.192454
0.192712
0.193042
0.193084
0.193319
0.193500
0.195599
0.195833
0.196047
0.196885
0.197593
0.197858
0.198347
0.198436
0.198901
0.199490
0.199945
0.200182
0.200568
0.200779
0.201435
0.201994
0.202505
0.202869
0.203108
0.203364
0.203503
0.203691
0.204237
0.204244
0.204602
0.204696
0.205202
0.205399
0.205549
0.205608
0.205746
0.206327
0.206807
0.206872
0.207088
0.207380
0.207467
0.207467
0.208494
0.208571
0.209363
0.209526
0.209662
0.210412
0.210591
0.210735
0.210847
0.211028
0.211279
0.211402
0.212263
0.212457
0.212598
0.212850
0.212897
0.213053
0.213380
0.213409
0.213418
0.214021
0.214216
0.214423
0.214767
0.215013
0.215343
0.215351
0.215399
0.215807
0.216390
0.217233
0.217251
0.217394
0.217811
0.218533
0.219002
0.219402
0.219437
0.221332
0.221698
0.221832
0.221865
0.222486
0.222691
0.222781
0.222867
0.222913
0.223168
0.223644
0.223698
0.224089
0.224184
0.224393
0.224467
0.224712
0.224756
0.224965
0.225094
0.225485
0.225623
0.225674
0.226269
0.226541
0.226596
0.226694
0.226955
0.227049
0.227229
0.227832
0.227890
0.228024
0.228773
0.228856
0.229710
0.229896
0.230035
0.230041
0.231117
0.231189
0.231296
0.231433
0.231579
0.232294
0.232448
0.232911
0.232926
0.233303
0.233557
0.233718
0.234075
0.234774
0.235327
0.236061
0.236318
0.236323
0.236466
0.236663
0.236914
0.237408
0.237810
0.237915
0.238070
0.238098
0.238869
0.239019
0.239034
0.239770
0.240273
0.240467
0.240496
0.241405
0.241625
0.243122
0.243404
0.243493
0.244803
0.245945
0.246076
0.247148
0.247399
0.247637
0.247735
0.248099
0.249813
0.249975
0.250211
0.250591
0.251455
0.251460
0.251681
0.252241
0.252650
0.252841
0.252842
0.252907
0.253210
0.253214
0.253630
0.254621
0.254839
0.254986
0.255135
0.255227
0.255760
0.256558
0.256591
0.256700
0.257333
0.257438
0.257825
0.257832
0.257988
0.258010
0.258358
0.258686
0.258708
0.258730
0.258906
0.259109
0.259512
0.260748
0.260770
0.260792
0.260918
0.261331
0.261335
0.261780
0.262115
0.262320
0.262575
0.262808
0.262816
0.263596
0.263669
0.263819
0.264455
0.265424
0.266522
0.266584
0.267014
0.267549
0.268504
0.268666
0.269115
0.269147
0.269722
0.269780
0.269796
0.270143
0.272200
0.273821
0.274213
0.275099
0.275570
0.275684
0.276079
0.276208
0.276772
0.277066
0.277636
0.278251
0.278668
0.280524
0.280584
0.282197
0.282240
0.282983
0.283524
0.283666
0.284005
0.284201
0.284319
0.284952
0.286693
0.286817
0.287015
0.287023
0.287034
0.287050
0.287079
0.287547
0.287779
0.288540
0.288777
0.289584
0.290038
0.290161
0.290269
0.290372
0.290837
0.291535
0.291785
0.291871
0.291888
0.292000
0.292067
0.292354
0.293532
0.293567
0.293948
0.294191
0.295772
0.296218
0.297084
0.297516
0.297727
0.298481
0.298668
0.299260
0.299686
0.300798
0.301018
0.302226
0.302681
0.302896
0.303022
0.303927
0.304773
0.305238
0.305330
0.306476
0.306689
0.306710
0.306882
0.307532
0.307567
0.307948
0.309038
0.309560
0.309685
0.309848
0.310162
0.310382
0.310854
0.310941
0.311066
0.311088
0.311211
0.311254
0.311295
0.312087
0.312435
0.313027
0.313213
0.313249
0.314474
0.314526
0.314534
0.314617
0.314873
0.315267
0.315519
0.317334
0.317476
0.317582
0.317883
0.317890
0.318257
0.318864
0.318884
0.318900
0.320342
0.320725
0.321041
0.321098
0.321256
0.322219
0.323647
0.324469
0.326294
0.326569
0.326569
0.326587
0.326679
0.327241
0.327299
0.327625
0.327809
0.328547
0.329247
0.330352
0.330429
0.331440
0.331461
0.332691
0.332922
0.334528
0.334839
0.335231
0.338370
0.338448
0.338746
0.339357
0.340264
0.340652
0.340922
0.341761
0.342522
0.343340
0.343717
0.344768
0.344870
0.345436
0.346057
0.346631
0.346723
0.347153
0.347680
0.347722
0.348490
0.349284
0.349617
0.350003
0.350362
0.351464
0.351684
0.352083
0.352558
0.352733
0.352975
0.354950
0.356326
0.356440
0.356506
0.356752
0.356994
0.357197
0.358199
0.358760
0.359542
0.360687
0.361092
0.361733
0.361823
0.362329
0.362536
0.362569
0.363828
0.364045
0.364585
0.365613
0.366595
0.366668
0.366768
0.367194
0.367620
0.367652
0.368765
0.369211
0.369215
0.369473
0.369756
0.370601
0.371136
0.371616
0.372364
0.373645
0.374152
0.374343
0.374417
0.374479
0.374958
0.375455
0.376054
0.377534
0.377669
0.378866
0.379232
0.379952
0.379983
0.380462
0.381432
0.382103
0.382874
0.383098
0.383291
0.383954
0.384028
0.384575
0.385105
0.386397
0.386782
0.386853
0.387737
0.388092
0.389049
0.390491
0.391083
0.391734
0.393073
0.393503
0.395024
0.396047
0.396481
0.396844
0.397025
0.398515
0.399273
0.399505
0.399521
0.399611
0.401281
0.401517
0.403784
0.404006
0.406064
0.406135
0.406366
0.406592
0.406983
0.408746
0.409058
0.409140
0.412302
0.412416
0.412661
0.412915
0.413107
0.413355
0.414251
0.415608
0.415626
0.417427
0.417634
0.417943
0.418291
0.419372
0.421369
0.421959
0.422072
0.423124
0.423599
0.424196
0.424601
0.424647
0.425612
0.425756
0.425961
0.428256
0.428491
0.429447
0.429568
0.429728
0.430403
0.431046
0.431380
0.431491
0.431546
0.431729
0.433859
0.435246
0.435497
0.440188
0.441023
0.441670
0.442058
0.442909
0.443294
0.443451
0.446301
0.449565
0.449617
0.450287
0.450623
0.450973
0.451352
0.452186
0.454137
0.454709
0.455490
0.456794
0.456930
0.457433
0.459772
0.460404
0.460557
0.461429
0.461704
0.462339
0.463085
0.463474
0.464876
0.465166
0.466538
0.467019
0.467784
0.469091
0.469199
0.470207
0.470299
0.472091
0.473326
0.474007
0.475033
0.475214
0.475657
0.476500
0.476641
0.476761
0.477649
0.479061
0.479087
0.479309
0.479469
0.479823
0.480198
0.480246
0.480685
0.481417
0.485152
0.485453
0.486035
0.486091
0.487004
0.487992
0.489224
0.490622
0.490829
0.491529
0.491742
0.491894
0.492240
0.493259
0.494897
0.495779
0.499442
0.499603
0.499673
0.499778
0.500349
0.500612
0.502264
0.502450
0.505097
0.505906
0.506528
0.506681
0.506755
0.511372
0.513200
0.514540
0.515193
0.515254
0.515664
0.516095
0.516232
0.517737
0.520453
0.521019
0.523580
0.524733
0.525189
0.528643
0.529320
0.531304
0.531903
0.531961
0.532335
0.533723
0.534583
0.535421
0.536203
0.536746
0.538374
0.538894
0.539034
0.540798
0.543309
0.544217
0.545031
0.546319
0.546425
0.547007
0.547813
0.547896
0.548365
0.548999
0.549574
0.551509
0.552444
0.552820
0.552847
0.552928
0.553792
0.553845
0.554048
0.555060
0.555065
0.555498
0.557237
0.557550
0.558571
0.560496
0.562564
0.562931
0.565591
0.566291
0.567765
0.569313
0.569609
0.570920
0.571899
0.572769
0.573780
0.575794
0.575894
0.576202
0.576267
0.579459
0.581646
0.581857
0.582515
0.582703
0.584144
0.584180
0.584695
0.586673
0.586933
0.588489
0.589198
0.589991
0.593512
0.594605
0.594850
0.597722
0.598008
0.599653
0.599851
0.600670
0.601334
0.602682
0.604230
0.608883
0.608934
0.611010
0.613709
0.614406
0.614808
0.615239
0.615479
0.617160
0.618656
0.620259
0.623725
0.624325
0.625223
0.627886
0.628520
0.629321
0.629998
0.633735
0.634191
0.634306
0.634615
0.634801
0.635112
0.635954
0.636709
0.637491
0.638589
0.639606
0.645858
0.646330
0.648707
0.649355
0.652566
0.653281
0.653692
0.654316
0.656842
0.659935
0.660234
0.661489
0.661552
0.664356
0.668477
0.671680
0.674813
0.675709
0.678095
0.679049
0.681298
0.681917
0.682764
0.683979
0.684041
0.685965
0.686388
0.686667
0.687298
0.688881
0.689436
0.696444
0.696864
0.698009
0.698678
0.703985
0.706768
0.706820
0.709430
0.710494
0.710725
0.711187
0.712178
0.712818
0.713039
0.715014
0.715879
0.716251
0.716438
0.724841
0.726489
0.726623
0.729193
0.730553
0.736804
0.736900
0.737925
0.739433
0.741327
0.742118
0.748328
0.748688
0.749818
0.750122
0.756049
0.759292
0.760353
0.764965
0.768423
0.768874
0.768983
0.770171
0.773287
0.773438
0.774599
0.775219
0.775434
0.776270
0.776637
0.781554
0.792172
0.793847
0.794987
0.800975
0.804884
0.809614
0.813213
0.813805
0.814144
0.814183
0.817780
0.821427
0.825790
0.826113
0.826693
0.831684
0.835289
0.839013
0.840714
0.850012
0.853278
0.854491
0.857137
0.860745
0.862944
0.864848
0.869483
0.871534
0.871601
0.880359
0.885307
0.887740
0.889855
0.896425
0.897619
0.902539
0.903886
0.906541
0.912041
0.916128
0.916954
0.921809
0.922959
0.932876
0.934661
0.934664
0.935966
0.936810
0.938580
0.938803
0.939148
0.942467
0.944567
0.949614
0.950079
0.970075
0.982076
0.984996
0.988112
0.988507
0.993010
0.997970
1.000756
1.003499
1.012331
1.015047
1.015254
1.015962
1.026370
1.026535
1.039138
1.042730
1.044257
1.047930
1.050938
1.053739
1.055317
1.056222
1.059908
1.061395
1.076385
1.079761
1.083449
1.084151
1.086679
1.094320
1.094974
1.095890
1.096584
1.100289
1.101139
1.105112
1.131799
1.132603
1.133736
1.134841
1.139142
1.142691
1.150275
1.150639
1.152553
1.154819
1.155762
1.156032
1.157886
1.163836
1.182342
1.196549
1.197135
1.214824
1.220417
1.220631
1.238841
1.250265
1.251111
1.265385
1.265569
1.281692
1.290946
1.302981
1.304792
1.306446
1.311735
1.314135
1.315172
1.318813
1.321619
1.322343
1.332974
1.336649
1.349908
1.350651
1.359814
1.371619
1.372391
1.380125
1.385528
1.391677
1.396756
1.404341
1.412848
1.420331
1.423240
1.434688
1.446820
1.448173
1.456551
1.486286
1.487072
1.490451
1.492487
1.500419
1.501611
1.551496
1.552700
1.556913
1.560613
1.577003
1.589345
1.593647
1.594374
1.599771
1.620596
1.635225
1.639708
1.641298
1.667496
1.668332
1.675995
1.678878
1.737852
1.762950
1.782263
1.787685
1.790987
1.806832
1.818421
1.842071
1.855486
1.901348
1.915532
1.927816
1.966765
1.997925
2.002091
2.017536
2.031782
2.050619
2.107948
2.124197
2.135597
2.140140
2.178947
2.239361
2.243641
2.253214
2.272074
2.284898
2.289701
2.291643
2.300411
2.340002
2.347329
2.380882
2.385884
2.472503
2.532658
2.532742
2.534577
2.579647
2.588312
2.679539
2.752507
2.821754
2.981112
3.089367
3.110466
3.127648
3.131049
3.172599
3.230264
3.256664
3.332692
3.445192
3.449336
3.682567
3.793579
3.817937
3.822491
3.876986
3.894623
3.965511
4.011629
4.042614
4.109018
4.170142
4.274835
4.467222
4.617836
4.816932
4.829279
4.838925
4.967314
5.105347
5.169380
5.572835
5.763986
6.068899
6.149674
6.183207
6.247297
6.500050
6.605026
7.157978
7.250518
7.316379
7.628618
7.993039
8.354970
8.860886
10.746040
10.762470
11.343336
11.756592
11.882902
12.604317
12.976995
13.663793
13.700000
13.727273
16.794698
18.555880
21.244745
26.831612
67.506523
