0.000015
0.000016
0.000019
0.000022
0.000036
0.000038
0.000038
0.000080
0.000082
0.000085
0.000142
0.000204
0.000224
0.000272
0.000304
0.000380
0.000383
0.000417
0.000421
0.000428
0.000538
0.000549
0.000581
0.000640
0.000656
0.000686
0.000715
0.000756
0.000758
0.000799
0.000799
0.000809
0.000880
0.000935
0.000938
0.001034
0.001034
0.001045
0.001049
0.001115
0.001145
0.001449
0.001476
0.001493
0.001496
0.001499
0.001535
0.001548
0.001549
0.001604
0.001695
0.001708
0.001715
0.001843
0.001878
0.002065
0.002123
0.002127
0.002192
0.002226
0.002288
0.002333
0.002369
0.002491
0.002616
0.002678
0.002728
0.003066
0.003119
0.003284
0.003293
0.003433
0.003434
0.003472
0.003528
0.003629
0.003865
0.004196
0.004216
0.004348
0.004399
0.004476
0.004528
0.004616
0.004806
0.004815
0.004859
0.004897
0.005013
0.005355
0.005651
0.005709
0.005799
0.005871
0.005895
0.005898
0.005991
0.006352
0.006384
0.006521
0.006540
0.006839
0.006914
0.007320
0.007322
0.007328
0.007418
0.007422
0.007578
0.007581
0.007606
0.007614
0.007779
0.007843
0.007844
0.007912
0.008132
0.008234
0.008336
0.008505
0.008538
0.008573
0.008580
0.008724
0.008984
0.009393
0.009450
0.009576
0.009695
0.009842
0.009890
0.009905
0.009973
0.009978
0.009989
0.009999
0.010234
0.010400
0.010798
0.010798
0.010812
0.010837
0.010871
0.011033
0.011101
0.011323
0.011440
0.011538
0.011563
0.011903
0.012817
0.013056
0.013117
0.013299
0.013555
0.014045
0.014051
0.014793
0.014803
0.014814
0.015196
0.015277
0.015406
0.015477
0.016764
0.017087
0.017194
0.018659
0.018804
0.019988
0.020099
0.020099
0.021627
0.021857
0.022065
0.022829
0.023040
0.023265
0.023299
0.024129
0.024264
0.024566
0.024672
0.024830
0.024861
0.024999
0.025599
0.025675
0.025747
0.025765
0.026519
0.026669
0.027087
0.027409
0.027465
0.027521
0.027531
0.027612
0.028006
0.028514
0.028544
0.028628
0.028635
0.029361
0.029546
0.029593
0.029788
0.029955
0.030023
0.030776
0.031294
0.031372
0.031579
0.032320
0.032533
0.032920
0.033264
0.033520
0.033604
0.033749
0.033976
0.034483
0.034612
0.035240
0.035313
0.035342
0.035749
0.036117
0.036780
0.036809
0.037988
0.038101
0.038528
0.038622
0.038744
0.039336
0.039425
0.039645
0.039661
0.039669
0.039980
0.040542
0.041467
0.041550
0.042335
0.042526
0.042634
0.042874
0.043194
0.043731
0.045223
0.045481
0.046219
0.046232
0.046684
0.046807
0.047558
0.047656
0.047731
0.048030
0.048319
0.048884
0.049754
0.049892
0.050940
0.051943
0.052361
0.052528
0.052726
0.052898
0.053041
0.053080
0.053185
0.053230
0.053250
0.053470
0.053645
0.053856
0.054426
0.055259
0.055402
0.055713
0.055932
0.056458
0.056963
0.057043
0.057460
0.057805
0.057873
0.057918
0.058118
0.058148
0.059094
0.059108
0.059504
0.059633
0.059889
0.060139
0.061670
0.061720
0.061906
0.062973
0.063201
0.063294
0.063544
0.064301
0.064310
0.064978
0.065011
0.065559
0.065759
0.065948
0.066077
0.066171
0.066203
0.066794
0.066872
0.066989
0.067481
0.067574
0.067985
0.068069
0.068336
0.068821
0.068845
0.068858
0.069179
0.069291
0.071157
0.071523
0.071767
0.072424
0.073222
0.073224
0.073227
0.073602
0.073661
0.073769
0.074282
0.074622
0.075005
0.075205
0.075300
0.075572
0.075595
0.075795
0.076461
0.076527
0.076878
0.077412
0.077618
0.077692
0.077753
0.078934
0.079244
0.079658
0.079658
0.079766
0.080289
0.080863
0.080905
0.080965
0.081360
0.081586
0.081949
0.083133
0.083160
0.083683
0.084809
0.084809
0.085300
0.085304
0.085349
0.085495
0.085718
0.085757
0.086474
0.086795
0.086809
0.086947
0.087039
0.087523
0.088805
0.088874
0.088920
0.088972
0.089104
0.089445
0.089492
0.089509
0.090194
0.090217
0.091086
0.091207
0.092789
0.092833
0.092923
0.093164
0.093426
0.093846
0.094691
0.094869
0.095479
0.095770
0.096280
0.096319
0.096614
0.096635
0.096732
0.096971
0.097087
0.098531
0.098803
0.098887
0.099050
0.099301
0.099451
0.099640
0.099888
0.100371
0.100383
0.100769
0.100940
0.101174
0.101286
0.101967
0.102186
0.102905
0.102961
0.103348
0.103888
0.104014
0.104134
0.104452
0.105423
0.105493
0.105691
0.105747
0.105967
0.106143
0.106696
0.107089
0.108121
0.108146
0.108948
0.108992
0.109061
0.109978
0.110003
0.110048
0.110062
0.110871
0.110879
0.110902
0.111234
0.111479
0.111895
0.113230
0.113329
0.113516
0.113977
0.115125
0.115174
0.115207
0.115488
0.115922
0.116000
0.116140
0.116652
0.116699
0.117152
0.118274
0.119421
0.119908
0.120263
0.120545
0.120785
0.121313
0.121477
0.121598
0.122013
0.122050
0.122279
0.123009
0.123045
0.123222
0.123335
0.123833
0.124679
0.126340
0.126515
0.126756
0.126995
0.128082
0.128242
0.128337
0.128338
0.128681
0.129426
0.129563
0.129837
0.130238
0.131373
0.131957
0.132093
0.132584
0.132961
0.133024
0.133371
0.133540
0.134478
0.134638
0.134783
0.134932
0.135477
0.135484
0.135484
0.136294
0.136468
0.136726
0.136952
0.137428
0.137720
0.138397
0.138925
0.139115
0.139203
0.139263
0.139299
0.139399
0.139975
0.141457
0.142037
0.142122
0.142883
0.143531
0.144433
0.144477
0.144657
0.144971
0.145276
0.145287
0.145430
0.146726
0.146900
0.147300
0.148962
0.148976
0.150268
0.150414
0.150747
0.151135
0.152389
0.152537
0.152950
0.153042
0.153244
0.153602
0.154734
0.154903
0.155223
0.156016
0.156519
0.157423
0.157670
0.157723
0.157932
0.158169
0.158817
0.158906
0.159047
0.159394
0.160170
0.160188
0.160291
0.160525
0.161307
0.161703
0.162444
0.162965
0.163257
0.163551
0.163596
0.164017
0.164916
0.165063
0.165243
0.165334
0.165818
0.166244
0.166940
0.167411
0.167806
0.167876
0.168037
0.168109
0.168290
0.168304
0.168642
0.168756
0.169874
0.170318
0.171370
0.172507
0.173276
0.174006
0.175610
0.176738
0.176799
0.176847
0.177275
0.177574
0.177885
0.178596
0.179141
0.179297
0.179679
0.179795
0.179830
0.180306
0.180360
0.180711
0.180796
0.180931
0.181259
0.182108
0.182215
0.182335
0.182609
0.182613
0.183136
0.183956
0.183957
0.185592
0.186202
0.186331
0.186690
0.186783
0.186972
0.187299
0.187941
0.189085
0.190054
0.190981
0.192452
0.192759
0.193193
0.195046
0.196222
0.196315
0.197468
0.197872
0.198193
0.199140
0.200289
0.200399
0.201531
0.201694
0.201959
0.202006
0.203049
0.203621
0.204270
0.204698
0.204770
0.205036
0.205728
0.206209
0.206540
0.208113
0.208211
0.208465
0.210698
0.211028
0.211044
0.211343
0.211986
0.212440
0.212454
0.212741
0.213091
0.213798
0.214318
0.214451
0.214646
0.215004
0.215457
0.216577
0.217312
0.218153
0.218487
0.218491
0.218601
0.220530
0.220904
0.222156
0.222305
0.223061
0.223449
0.223486
0.223685
0.223760
0.224707
0.225871
0.226415
0.227096
0.228073
0.228404
0.228974
0.229499
0.230927
0.231134
0.231614
0.232626
0.235136
0.235603
0.236400
0.236880
0.236968
0.237569
0.238284
0.238368
0.238595
0.238990
0.239619
0.240651
0.241389
0.241466
0.241873
0.242561
0.243112
0.244295
0.244653
0.246552
0.246575
0.246640
0.246796
0.247467
0.249430
0.250216
0.250822
0.252927
0.254728
0.255142
0.255337
0.255873
0.256162
0.256868
0.257881
0.258526
0.262219
0.262360
0.263174
0.263707
0.263884
0.264496
0.264624
0.265447
0.267320
0.268368
0.268653
0.272170
0.272466
0.273055
0.274306
0.274418
0.276695
0.278288
0.278360
0.279456
0.282825
0.282835
0.283404
0.283612
0.285245
0.285550
0.286912
0.288550
0.289898
0.291483
0.294157
0.295627
0.295684
0.300209
0.302225
0.304561
0.304571
0.308134
0.309429
0.314044
0.317973
0.321358
0.325366
0.328624
0.331767
0.331789
0.333479
0.333703
0.334953
0.335684
0.335829
0.336513
0.336757
0.339167
0.340180
0.341044
0.343839
0.344618
0.345678
0.347290
0.348111
0.350383
0.350762
0.350779
0.352076
0.357333
0.360670
0.362243
0.364623
0.365917
0.366396
0.367200
0.368376
0.371451
0.372301
0.372861
0.376606
0.378439
0.378803
0.381898
0.383673
0.384017
0.386458
0.386853
0.387274
0.390417
0.391112
0.395012
0.395201
0.397438
0.398735
0.399889
0.403060
0.403257
0.405460
0.407734
0.408152
0.417089
0.421072
0.423023
0.424216
0.425250
0.426595
0.429874
0.430781
0.433038
0.434350
0.434765
0.434964
0.435020
0.436109
0.439421
0.440156
0.441851
0.443778
0.444516
0.445045
0.446189
0.448159
0.449767
0.449863
0.450056
0.453745
0.458369
0.459619
0.464151
0.466917
0.471294
0.471388
0.471833
0.472331
0.474758
0.476933
0.477278
0.478844
0.480848
0.487370
0.488204
0.489384
0.490540
0.491154
0.495096
0.496280
0.497264
0.498469
0.502263
0.507626
0.509357
0.510618
0.523056
0.529205
0.534544
0.540725
0.545181
0.548521
0.548560
0.550998
0.552563
0.556708
0.557363
0.561950
0.562353
0.563254
0.573704
0.574541
0.577391
0.578007
0.580395
0.586321
0.594143
0.595388
0.602820
0.614298
0.631756
0.634606
0.637847
0.638068
0.640219
0.641320
0.642131
0.645223
0.648286
0.652218
0.652564
0.658766
0.659553
0.660231
0.665353
0.675604
0.688442
0.688678
0.689176
0.720821
0.729695
0.739995
0.744764
0.749729
0.752552
0.758698
0.774167
0.777981
0.787508
0.793582
0.795624
0.796439
0.798474
0.803010
0.803454
0.804605
0.806385
0.808302
0.809569
0.821220
0.826519
0.842557
0.845314
0.847010
0.852813
0.853938
0.854078
0.856227
0.860099
0.867069
0.871741
0.890828
0.906794
0.926248
0.931436
0.936223
0.937581
0.939442
0.970016
0.982703
1.003928
1.006518
1.020495
1.025463
1.037884
1.049814
1.064848
1.065746
1.072514
1.076087
1.095048
1.098630
1.102291
1.104000
1.131793
1.154764
1.159393
1.166585
1.170593
1.196491
1.201206
1.217517
1.250050
1.251257
1.263535
1.325637
1.345863
1.366675
1.390381
1.390678
1.393352
1.402702
1.428483
1.434387
1.442826
1.445851
1.461143
1.472810
1.474176
1.504214
1.505588
1.520875
1.580855
1.638622
1.653849
1.662663
1.681173
1.681403
1.698706
1.731823
1.757931
1.818908
1.833682
1.868521
1.905283
2.013724
2.025524
2.047032
2.113331
2.120125
2.161594
2.180294
2.198839
2.199392
2.259882
2.267322
2.303424
2.383899
2.502508
2.511044
2.530032
2.797541
2.842594
2.877586
2.974885
3.006619
3.038546
3.117016
3.323267
3.337050
3.404116
3.415731
3.675735
3.685355
3.720691
3.755306
3.882683
4.048997
4.090623
4.102450
4.180465
4.184544
4.336284
4.446687
4.556823
4.752079
5.707785
5.870390
5.906469
6.492268
6.721277
7.385780
7.507194
10.423352
10.847313
11.542768
12.739783
13.674060
14.094893
14.433991
17.289893
20.783544
22.475602
23.082644
23.792194
29.094815
29.578476
33.005462
43.510919
70.459313
76.316636
82.087428
132.162752
138.023628
145.960285
149.363648
263.120516
591.065613
941.535079
1015.904780
1065.734775
10604.934011
514074341.180655
