0.000172
0.000194
0.000224
0.000242
0.000277
0.000286
0.000380
0.000381
0.000473
0.000475
0.000533
0.000560
0.000680
0.000687
0.000691
0.000759
0.000830
0.000852
0.000866
0.000881
0.000913
0.001016
0.001020
0.001045
0.001081
0.001219
0.001324
0.001365
0.001410
0.001501
0.001525
0.001541
0.001544
0.001582
0.001595
0.001644
0.001651
0.001703
0.001822
0.001887
0.001990
0.002029
0.002112
0.002130
0.002166
0.002429
0.002436
0.002507
0.002581
0.002584
0.002888
0.002935
0.002947
0.003142
0.003213
0.003353
0.003390
0.003425
0.003462
0.003471
0.003510
0.003595
0.003859
0.003897
0.003914
0.003970
0.003982
0.004118
0.004127
0.004307
0.004329
0.004364
0.004537
0.004597
0.004627
0.004807
0.004815
0.004888
0.004915
0.005020
0.005116
0.005188
0.005305
0.005352
0.005373
0.005430
0.005494
0.005569
0.005605
0.005866
0.006197
0.006318
0.006437
0.006516
0.006521
0.006575
0.006738
0.006809
0.006979
0.007010
0.007186
0.007236
0.007301
0.007377
0.007437
0.007586
0.007670
0.007760
0.007790
0.007806
0.007920
0.008065
0.008076
0.008104
0.008176
0.008304
0.008321
0.008331
0.008375
0.008433
0.008450
0.008586
0.009170
0.009266
0.009284
0.009299
0.009345
0.009357
0.009512
0.009633
0.009875
0.010000
0.010047
0.010177
0.010179
0.010338
0.010486
0.010603
0.010660
0.010700
0.010745
0.010849
0.010870
0.010987
0.011052
0.011052
0.011326
0.011476
0.011500
0.011580
0.011620
0.011800
0.011993
0.012232
0.012398
0.012470
0.012485
0.012623
0.012743
0.012890
0.012916
0.012932
0.013041
0.013106
0.013132
0.013188
0.013239
0.013289
0.013327
0.013684
0.013695
0.013751
0.013916
0.013923
0.014059
0.014133
0.014291
0.014392
0.014465
0.014541
0.014607
0.014710
0.014792
0.014856
0.015084
0.015185
0.015288
0.015359
0.015420
0.015426
0.015543
0.015544
0.015559
0.015678
0.015689
0.015713
0.015765
0.015773
0.015847
0.016065
0.016186
0.016187
0.016247
0.016455
0.016551
0.016578
0.016867
0.016885
0.017080
0.017091
0.017102
0.017181
0.017249
0.017359
0.017460
0.017694
0.017756
0.017798
0.017815
0.017909
0.017927
0.018009
0.018085
0.018138
0.018191
0.018278
0.018288
0.018364
0.018461
0.018487
0.018500
0.018674
0.018708
0.018753
0.018834
0.018921
0.019013
0.019097
0.019147
0.019188
0.019221
0.019295
0.019334
0.019571
0.019661
0.019669
0.019845
0.019947
0.020099
0.020107
0.020302
0.020388
0.020423
0.020426
0.020483
0.020748
0.021000
0.021006
0.021111
0.021135
0.021292
0.021452
0.021611
0.021652
0.021678
0.021900
0.022015
0.022075
0.022184
0.022195
0.022227
0.022245
0.022266
0.022476
0.022500
0.022552
0.022767
0.022787
0.022838
0.022965
0.023151
0.023317
0.023385
0.023473
0.023522
0.023526
0.023556
0.023586
0.023704
0.024081
0.024195
0.024290
0.024517
0.024650
0.024746
0.024787
0.024791
0.024894
0.024946
0.025075
0.025088
0.025093
0.025228
0.025377
0.025522
0.025640
0.025751
0.025845
0.026175
0.026178
0.026197
0.026264
0.026344
0.026360
0.026420
0.026421
0.026475
0.026643
0.026661
0.026694
0.026805
0.026862
0.027013
0.027527
0.027604
0.027660
0.027698
0.027734
0.027848
0.027924
0.027933
0.028238
0.028253
0.028331
0.028450
0.028501
0.028555
0.028591
0.028620
0.028789
0.028832
0.029165
0.029221
0.029271
0.029589
0.029688
0.029823
0.029902
0.029938
0.029938
0.030270
0.030512
0.030523
0.030598
0.030684
0.030727
0.030898
0.030940
0.031073
0.031117
0.031293
0.031304
0.031368
0.031372
0.031491
0.031679
0.031764
0.032175
0.032180
0.032245
0.032364
0.032365
0.032495
0.032542
0.032724
0.032789
0.032792
0.033329
0.033388
0.033718
0.033742
0.033785
0.033933
0.034051
0.034054
0.034091
0.034145
0.034391
0.034484
0.034604
0.034662
0.034775
0.034827
0.034827
0.034887
0.034936
0.034993
0.035030
0.035048
0.035051
0.035185
0.035290
0.035395
0.035402
0.035474
0.036008
0.036064
0.036137
0.036152
0.036210
0.036349
0.036372
0.036394
0.036576
0.036598
0.036696
0.036722
0.036962
0.037148
0.037242
0.037278
0.037551
0.037618
0.037627
0.037847
0.037871
0.038034
0.038194
0.038413
0.038469
0.038571
0.038628
0.038720
0.038730
0.038830
0.039092
0.039109
0.039180
0.039241
0.039346
0.039430
0.039539
0.039540
0.039563
0.039703
0.039838
0.040294
0.040412
0.040673
0.040718
0.040737
0.040765
0.040980
0.041037
0.041347
0.041411
0.041418
0.041537
0.041541
0.041586
0.041601
0.041687
0.041744
0.041914
0.042174
0.042247
0.042299
0.042349
0.042371
0.042637
0.042731
0.042748
0.042782
0.042788
0.042794
0.042918
0.043018
0.043036
0.043171
0.043274
0.043871
0.043884
0.044090
0.044134
0.044232
0.044309
0.044350
0.044538
0.044702
0.044876
0.045183
0.045286
0.045328
0.045408
0.045619
0.045727
0.045733
0.045898
0.046145
0.046341
0.046413
0.046443
0.046531
0.046537
0.046643
0.046649
0.046758
0.047044
0.047143
0.047176
0.047188
0.047310
0.047459
0.047565
0.047593
0.047593
0.047684
0.047844
0.047867
0.047922
0.048166
0.048498
0.048593
0.048698
0.048722
0.048812
0.048996
0.049041
0.049238
0.049376
0.049440
0.049567
0.049610
0.049612
0.049735
0.049742
0.049772
0.049892
0.049964
0.049973
0.049986
0.050018
0.050020
0.050168
0.050221
0.050323
0.050400
0.050563
0.050569
0.050606
0.050766
0.050790
0.050806
0.050921
0.050945
0.051256
0.051274
0.051331
0.051631
0.051694
0.052011
0.052034
0.052194
0.052232
0.052309
0.052376
0.052427
0.052496
0.052534
0.052564
0.052767
0.052803
0.052878
0.052898
0.053042
0.053048
0.053268
0.053537
0.053634
0.053745
0.053926
0.054146
0.054260
0.054415
0.054485
0.054542
0.054595
0.054661
0.054765
0.054939
0.054958
0.055057
0.055081
0.055093
0.055412
0.055513
0.055541
0.055648
0.055665
0.055684
0.055767
0.055838
0.055955
0.055976
0.056065
0.056163
0.056197
0.056210
0.056320
0.056389
0.056398
0.056605
0.056831
0.057033
0.057050
0.057194
0.057331
0.057374
0.057408
0.057937
0.058002
0.058161
0.058313
0.058372
0.058494
0.058627
0.058906
0.058950
0.059082
0.059152
0.059259
0.059440
0.059539
0.059575
0.059807
0.059815
0.059866
0.060051
0.060092
0.060253
0.060301
0.060411
0.060475
0.060613
0.060759
0.060800
0.060895
0.060954
0.061076
0.061312
0.061337
0.061652
0.061766
0.061937
0.062087
0.062203
0.062372
0.062394
0.062478
0.062482
0.062555
0.062556
0.062701
0.062713
0.062722
0.062753
0.062845
0.062893
0.062936
0.062962
0.063250
0.063611
0.063771
0.063973
0.064114
0.064147
0.064182
0.064474
0.064604
0.064740
0.064901
0.064934
0.064944
0.064956
0.065161
0.065404
0.065510
0.065655
0.065885
0.065993
0.066173
0.066424
0.066462
0.066533
0.066620
0.066687
0.066732
0.066751
0.067046
0.067046
0.067213
0.067449
0.067821
0.067897
0.067950
0.068014
0.068107
0.068221
0.068475
0.068515
0.068621
0.068841
0.068854
0.068939
0.068990
0.069057
0.069113
0.069692
0.069806
0.069944
0.069963
0.070022
0.070182
0.070209
0.070347
0.070733
0.070742
0.071000
0.071076
0.071344
0.071350
0.071519
0.071601
0.071910
0.072285
0.072289
0.072590
0.072660
0.072775
0.072928
0.073194
0.073237
0.073513
0.073600
0.073798
0.073924
0.074046
0.074125
0.074213
0.074221
0.074221
0.074486
0.074585
0.074605
0.074630
0.074652
0.074728
0.074781
0.075193
0.075469
0.075472
0.075548
0.075819
0.075871
0.075961
0.076118
0.076351
0.076585
0.076608
0.076790
0.077101
0.077151
0.077577
0.077619
0.077724
0.077746
0.077905
0.077936
0.077936
0.077976
0.078104
0.078277
0.078323
0.078507
0.078657
0.078783
0.078880
0.079069
0.079078
0.079108
0.079180
0.079244
0.079258
0.079419
0.079456
0.079591
0.079624
0.079669
0.079834
0.079853
0.079954
0.080054
0.080127
0.080444
0.080573
0.080573
0.080575
0.080742
0.080813
0.080887
0.080893
0.080913
0.081020
0.081068
0.081162
0.081177
0.081241
0.081338
0.081559
0.081719
0.081738
0.081789
0.081850
0.081945
0.082007
0.082030
0.082495
0.082796
0.083117
0.083233
0.083378
0.083518
0.083649
0.083661
0.083760
0.083962
0.084068
0.084148
0.084154
0.084167
0.084229
0.084315
0.084531
0.084554
0.084625
0.084743
0.084768
0.084934
0.084975
0.085081
0.085083
0.085283
0.085344
0.085702
0.085757
0.086054
0.086109
0.086158
0.086295
0.086314
0.086340
0.086530
0.086721
0.087056
0.087150
0.087219
0.087241
0.087445
0.087465
0.087542
0.087897
0.088142
0.088470
0.088511
0.088692
0.088711
0.088837
0.088893
0.089048
0.089396
0.089489
0.089697
0.089750
0.089985
0.090227
0.090282
0.090300
0.090403
0.090500
0.090638
0.090672
0.090707
0.090779
0.090976
0.091184
0.091282
0.091469
0.091557
0.091912
0.091975
0.092042
0.092383
0.092435
0.092463
0.092502
0.093005
0.093123
0.093126
0.093598
0.093651
0.093859
0.093876
0.093932
0.094055
0.094157
0.094168
0.094432
0.094442
0.094543
0.094570
0.094610
0.094619
0.094633
0.094683
0.094755
0.094864
0.095145
0.095250
0.095483
0.095623
0.095888
0.095918
0.096049
0.096086
0.096377
0.096416
0.096418
0.096418
0.096723
0.096747
0.096887
0.096928
0.096948
0.097065
0.097083
0.097088
0.097177
0.097383
0.097646
0.097938
0.098015
0.098270
0.098282
0.098297
0.098537
0.098702
0.098751
0.099189
0.099310
0.099378
0.099404
0.099487
0.099558
0.100016
0.100059
0.100135
0.100185
0.100326
0.100566
0.100594
0.100766
0.100944
0.101061
0.101132
0.101235
0.101370
0.101713
0.102022
0.102111
0.102281
0.102367
0.102393
0.102604
0.102661
0.102719
0.103045
0.103049
0.103071
0.103131
0.103151
0.103183
0.103261
0.103358
0.103424
0.103740
0.104046
0.104135
0.104364
0.104433
0.104621
0.104663
0.104703
0.104705
0.104850
0.104915
0.105082
0.105083
0.105434
0.105484
0.105506
0.105590
0.105748
0.106033
0.106068
0.106136
0.106181
0.106210
0.106237
0.106341
0.106366
0.106650
0.106784
0.106844
0.106958
0.107092
0.107110
0.107281
0.107355
0.107683
0.107701
0.107790
0.108004
0.108199
0.108279
0.108394
0.108479
0.108728
0.108862
0.108941
0.108945
0.108987
0.109170
0.109185
0.109220
0.109424
0.109730
0.109731
0.110117
0.110197
0.110335
0.110335
0.110360
0.110416
0.110438
0.110479
0.111339
0.111391
0.111539
0.111672
0.112009
0.112196
0.112407
0.112411
0.112488
0.112913
0.112930
0.113038
0.113145
0.113206
0.113253
0.113334
0.113567
0.113620
0.113685
0.113765
0.113853
0.114011
0.114017
0.114167
0.114190
0.114282
0.114292
0.114413
0.114529
0.114538
0.114934
0.114980
0.115457
0.116201
0.116478
0.116706
0.116735
0.116809
0.116855
0.116953
0.117008
0.117123
0.117134
0.117229
0.117631
0.117850
0.118104
0.118464
0.118573
0.118576
0.118896
0.119005
0.119249
0.119300
0.119304
0.119617
0.119699
0.119763
0.119816
0.119964
0.119983
0.119990
0.120176
0.120385
0.120400
0.120468
0.120583
0.120653
0.120692
0.121118
0.121182
0.121193
0.121265
0.121498
0.121642
0.121750
0.121755
0.122263
0.122364
0.122553
0.122607
0.122651
0.123198
0.123264
0.123281
0.123375
0.123526
0.123589
0.124068
0.124155
0.124443
0.124674
0.125173
0.125208
0.125447
0.125459
0.125940
0.126166
0.126206
0.126323
0.126342
0.126428
0.126705
0.127197
0.127282
0.127347
0.127353
0.127762
0.127797
0.127975
0.128001
0.128029
0.128072
0.128264
0.128624
0.128695
0.128702
0.128788
0.128999
0.129239
0.129379
0.129396
0.129412
0.129467
0.129886
0.130502
0.130520
0.130832
0.131202
0.131441
0.131578
0.131611
0.131626
0.131742
0.131826
0.132052
0.132422
0.132445
0.132677
0.132831
0.133460
0.133462
0.133624
0.134262
0.134394
0.134749
0.134936
0.135316
0.135330
0.135376
0.135418
0.135865
0.136107
0.136130
0.136469
0.136571
0.136627
0.137313
0.137469
0.137769
0.138066
0.138173
0.138175
0.138239
0.138305
0.138388
0.138506
0.138751
0.138870
0.138902
0.139054
0.139086
0.139359
0.139665
0.139942
0.139974
0.140062
0.140279
0.140290
0.140427
0.140687
0.140698
0.140806
0.140875
0.140951
0.141164
0.141401
0.141459
0.141654
0.141898
0.142172
0.142294
0.142356
0.142483
0.142593
0.142721
0.143778
0.144360
0.144405
0.144485
0.144558
0.144618
0.144776
0.144936
0.145236
0.145322
0.145490
0.145511
0.146212
0.146412
0.146618
0.146710
0.147591
0.147597
0.148023
0.148112
0.148117
0.148170
0.148197
0.148241
0.148585
0.149335
0.149491
0.149613
0.150022
0.150171
0.150292
0.150363
0.150426
0.150432
0.150635
0.151195
0.151281
0.152207
0.152622
0.152735
0.152845
0.152882
0.154398
0.154471
0.154719
0.154882
0.155143
0.155405
0.155407
0.155624
0.155634
0.155732
0.155750
0.155792
0.156063
0.156123
0.156316
0.156669
0.157353
0.157402
0.157703
0.157957
0.158212
0.158346
0.159094
0.159544
0.159684
0.160068
0.160599
0.161148
0.161420
0.161598
0.161705
0.161792
0.161828
0.162013
0.162167
0.162210
0.162358
0.162487
0.163131
0.163153
0.163277
0.163347
0.163830
0.164294
0.164310
0.164337
0.164428
0.164624
0.164865
0.165023
0.165178
0.165480
0.165761
0.165787
0.165855
0.166281
0.167716
0.167801
0.168329
0.168540
0.168851
0.168907
0.169135
0.169285
0.169312
0.169851
0.170126
0.170284
0.170596
0.170681
0.170834
0.170930
0.171023
0.171029
0.171046
0.171614
0.171844
0.171892
0.171903
0.171946
0.172151
0.172351
0.172433
0.172588
0.172916
0.173044
0.174314
0.174657
0.175067
0.175400
0.176262
0.176380
0.176428
0.176507
0.176607
0.176745
0.177747
0.178249
0.178741
0.178883
0.178962
0.179110
0.179376
0.180299
0.181284
0.181442
0.181723
0.182794
0.183197
0.183896
0.184352
0.184462
0.185448
0.186390
0.186771
0.186784
0.186926
0.186955
0.187310
0.187833
0.187906
0.188682
0.188890
0.188987
0.189078
0.189175
0.189239
0.189553
0.189879
0.190111
0.190166
0.190266
0.190566
0.190635
0.191042
0.191630
0.192543
0.192768
0.192845
0.192964
0.193217
0.193363
0.193688
0.194157
0.194313
0.194543
0.194684
0.194882
0.195011
0.195994
0.196306
0.197258
0.197263
0.197723
0.197784
0.197955
0.198083
0.198164
0.198474
0.198491
0.198701
0.198833
0.198883
0.199029
0.199622
0.199922
0.199989
0.200175
0.200539
0.200904
0.200953
0.201428
0.202485
0.202552
0.202953
0.203760
0.203918
0.203939
0.204260
0.204543
0.204566
0.204917
0.205179
0.205548
0.205729
0.206049
0.206347
0.206378
0.207402
0.207452
0.207758
0.207978
0.208755
0.210484
0.210514
0.210611
0.211087
0.211265
0.211776
0.212158
0.212271
0.212296
0.212787
0.212862
0.213639
0.214091
0.215144
0.217363
0.218288
0.218463
0.218892
0.219083
0.219417
0.220148
0.220901
0.221380
0.221809
0.221959
0.222389
0.222772
0.222946
0.223721
0.223862
0.224337
0.224350
0.224359
0.224695
0.224732
0.225292
0.225417
0.225794
0.226414
0.227549
0.227553
0.228360
0.229281
0.229878
0.230353
0.231042
0.231309
0.231526
0.232127
0.232733
0.232922
0.233334
0.233698
0.234331
0.235177
0.235239
0.235239
0.235288
0.235831
0.236694
0.237477
0.238730
0.239260
0.239407
0.239882
0.240281
0.241013
0.241768
0.242570
0.242708
0.242760
0.244114
0.244179
0.244722
0.245400
0.246075
0.246146
0.247872
0.247959
0.248016
0.248179
0.248572
0.248573
0.249414
0.249485
0.249828
0.249831
0.250418
0.250641
0.250665
0.252006
0.252755
0.253561
0.254532
0.255055
0.255388
0.256465
0.256623
0.257466
0.257722
0.257765
0.260346
0.260721
0.260936
0.261042
0.261105
0.261728
0.261751
0.262104
0.262321
0.262664
0.262822
0.262934
0.263102
0.263129
0.263499
0.263620
0.264664
0.266349
0.266867
0.267049
0.268509
0.269966
0.270232
0.271660
0.272344
0.272857
0.273036
0.273192
0.273678
0.274616
0.275753
0.276451
0.277843
0.279186
0.280786
0.281051
0.281892
0.284087
0.285484
0.285600
0.287444
0.289843
0.290624
0.290652
0.291881
0.292253
0.292598
0.293793
0.295570
0.296211
0.296717
0.298209
0.298431
0.298540
0.299089
0.299237
0.300366
0.301441
0.304019
0.304173
0.304615
0.304653
0.306043
0.306754
0.308370
0.308551
0.308897
0.309660
0.310029
0.310543
0.312554
0.312750
0.313447
0.314537
0.315932
0.316357
0.316562
0.317883
0.317889
0.318797
0.318807
0.319524
0.319543
0.319698
0.319801
0.322262
0.322831
0.322959
0.323005
0.323439
0.323778
0.324374
0.325788
0.325813
0.325953
0.328283
0.329970
0.330055
0.332292
0.332571
0.332702
0.333990
0.334319
0.335524
0.335905
0.337048
0.337631
0.337967
0.338715
0.339151
0.339165
0.339392
0.340692
0.341459
0.342348
0.344290
0.344637
0.344823
0.345059
0.345105
0.346205
0.346422
0.347023
0.348101
0.348483
0.350149
0.350184
0.351570
0.352289
0.354482
0.354570
0.357498
0.359747
0.360354
0.360700
0.361187
0.361542
0.364644
0.365054
0.366617
0.369466
0.369589
0.369970
0.369979
0.374346
0.374641
0.375076
0.376320
0.376949
0.377001
0.377524
0.377620
0.377771
0.379097
0.383230
0.383611
0.383965
0.384210
0.386407
0.386971
0.388521
0.389660
0.392366
0.394484
0.396651
0.399491
0.401833
0.402941
0.404913
0.405923
0.408097
0.410029
0.411272
0.411509
0.411965
0.415026
0.415726
0.416159
0.419817
0.420339
0.421875
0.422423
0.423076
0.425168
0.425980
0.426747
0.432054
0.433420
0.433602
0.436688
0.437279
0.439065
0.439333
0.440262
0.440596
0.440878
0.442297
0.446341
0.446819
0.448965
0.451021
0.453099
0.453489
0.454167
0.455961
0.456511
0.456777
0.458418
0.458505
0.460486
0.460842
0.462441
0.465231
0.470841
0.473403
0.474179
0.476945
0.478586
0.478708
0.478947
0.479286
0.479688
0.482256
0.484640
0.484781
0.485945
0.487452
0.492566
0.492720
0.493770
0.496512
0.496900
0.499555
0.501444
0.501901
0.502450
0.503328
0.503509
0.503891
0.504448
0.505414
0.505417
0.506744
0.508663
0.513730
0.515130
0.515681
0.517420
0.518403
0.519902
0.528439
0.528702
0.531498
0.534263
0.536094
0.538292
0.540947
0.542692
0.542869
0.545449
0.550276
0.555037
0.555816
0.556045
0.556871
0.568083
0.574529
0.575782
0.583417
0.600120
0.602663
0.603134
0.607221
0.611273
0.611866
0.613053
0.613615
0.617971
0.624752
0.626808
0.639328
0.640404
0.640608
0.643068
0.643832
0.645915
0.646120
0.648264
0.648753
0.656927
0.668274
0.671766
0.676983
0.678095
0.681988
0.687684
0.688292
0.689854
0.697798
0.699640
0.700162
0.701227
0.702707
0.710002
0.715014
0.717783
0.718914
0.719647
0.727654
0.731770
0.732090
0.737363
0.743104
0.745573
0.746883
0.749700
0.753091
0.754464
0.760591
0.765528
0.766489
0.778992
0.780679
0.782977
0.783961
0.788560
0.790732
0.797439
0.809107
0.810861
0.819139
0.826798
0.838863
0.842016
0.846067
0.848350
0.857778
0.867578
0.867742
0.868175
0.875083
0.875251
0.876010
0.888215
0.890274
0.892167
0.905012
0.908436
0.910293
0.914573
0.922959
0.940482
0.940773
0.953624
0.957076
0.962418
0.981890
0.995733
1.006582
1.007218
1.010259
1.027777
1.029076
1.031032
1.039637
1.056130
1.080593
1.111364
1.111482
1.121989
1.139085
1.145002
1.169288
1.174398
1.201255
1.214216
1.240355
1.243566
1.257835
1.277361
1.278728
1.278992
1.279874
1.295911
1.312747
1.322889
1.330817
1.382689
1.386719
1.406293
1.410883
1.415212
1.418439
1.419984
1.420626
1.424270
1.431982
1.437185
1.455202
1.455429
1.474835
1.486948
1.490451
1.506080
1.509438
1.514286
1.538972
1.569987
1.570774
1.576093
1.580149
1.593647
1.618230
1.679897
1.721199
1.735805
1.746349
1.767456
1.782729
1.818220
1.830183
1.958042
1.974063
2.022527
2.026486
2.056300
2.075974
2.078934
2.190571
2.203038
2.209949
2.232103
2.239962
2.283299
2.313925
2.348159
2.352159
2.411122
2.412508
2.452335
2.475974
2.503200
2.533822
2.594846
2.611964
2.612478
2.662708
2.739048
2.766876
2.797433
2.866804
2.870425
2.983742
2.993214
3.018771
3.048066
3.051554
3.122010
3.489467
3.580222
3.597435
3.673312
3.778718
4.278883
4.395555
4.419819
4.662404
5.240060
5.557258
5.582121
5.882246
5.889909
5.910350
6.197253
6.206696
6.712303
6.739067
6.747499
7.050831
7.662197
7.793194
7.818839
7.993039
8.690373
8.745448
8.815751
10.223992
11.249010
11.310166
12.262306
12.402127
12.422534
12.736552
14.183185
15.553176
18.820556
19.542238
19.788155
22.143932
22.442405
22.650711
22.898458
23.190581
23.716038
26.234278
28.779937
33.956355
61.542538
67.336018
87.315805
103.800179
133.628251
164.830357
298.820674
344.364706
580.179958
735.247197
748.388758
749.768830
1643.196269
3030.416124
15268.471780
19047.628114
44853.629230
53252.679161
67121.748775
121968.104335
177701.257130
4669787.938901
422996185.676496
1376138294748896512.000000
